//format :
Wave
nombre de l'ennemi
pos.x pos.y turn
...
...
nombre de l'ennemi
pos.x pos.y turn
...
...

FIRST
10

100 -100 0
200 -150 0
1920-200 -100 0
1920-100 -150 0
100 -100 0
200 -150 1
1920-200 -100 1
1920-100 -150 1
100 -100 1
200 -150 1
 
5

360 -32 1
360 -32 1
360 -32 1
360 -32 1
360 -32 1

0

SECOND

15
100 -100 0
200 -150 0
1920-200 -100 0
1920-100 -150 0
100 -100 0

200 -150 1
1920-200 -100 1
1920-100 -150 1
10 -100 1
20 -100 1

20 -100 2
1920-20 -100 2
1920-10 -100 2
10 -100 2
20 -100 2
 
5
360 -32 1
360 -32 1
360 -32 1
360 -32 2
360 -32 2

3

360 -32 2
360 -32 2
360 -32 2


THIRD

15
100 -100 0
200 -150 0
1920-200 -100 0
1920-100 -150 0
100 -100 0

200 -150 1
1920-200 -100 1
1920-100 -150 1
10 -100 1
20 -100 1

20 -100 2
1920-20 -100 2
1920-10 -100 2
10 -100 2
20 -100 2
 
4
360 -64 1
360 -64 1
360 -64 2
360 -64 2

6
360 -64 1
360 -64 1
360 -64 1

360 -64 2
360 -64 2
360 -64 2

FOURTH

10

200 -150 1
1920-200 -100 1
1920-100 -150 1
10 -100 1
20 -100 1

20 -100 2
1920-20 -100 2
1920-10 -100 2
10 -100 2
20 -100 2
 
8
360 -64 0
360 -64 0
360 -64 0
360 -64 0

360 -64 1
360 -64 1
360 -64 1
360 -64 1

6
360 -64 0
360 -64 0
360 -64 0

360 -64 2
360 -64 2
360 -64 2